-380
2415
132
2450
1788
2007
2583
-2924
2189
386
632
-1968
2167
2256
1853
-1923
-2214
-249
-8
1758
2787
2626
544
1125
-472
-1777
1117
1069
644
-2023
-1651
-1857
2266
-29
-1365
-1071
2736
-1455
-1488
-2041
1880
-1947
2877
2310
894
1
-686
2369
-1127
-2894
-367
760
-1263
62
-1747
-2566
1862
504
511
308
-2611
-958
-370
473
2655
2539
2659
-175
-692
-874
-2812
-1622
-1676
-1196
574
-1565
-2349
-1038
340
828
2166
-448
2188
2458
-419
472
2224
628
897
-2940
-384
-1594
2873
-1815
1065
-1324
2016
354
1810
856
2503
42
-2670
1565
2921
453
2304
1450
-2861
-1421
-1250
1998
-109
-733
1466
2382
-20
2455
601
-2676
67
-1638
2349
-2686
2948
-139
-1724
683
1520
158
438
2121
1084
-2653
-2099
-804
2407
-812
213
-2545
1902
1677
2747
34
177
-1054
-1262
2824
-1892
-269
-1459
109
2355
2065
1398
702
886
-2883
248
-604
1837
221
-337
2368
2334
2135
-2143
-2974
1730
-986
559
1557
2269
-1825
2155
1554
520
-2856
-232
-1685
1928
619
2528
1088
2385
2686
85
-794
-2181
-1341
-293
1469
-1445
-2075
987
833
-2382
-2179
-1703
-778
12
-211
-1128
-984
429
-799
93
-252
-703
-205
761
690
-2803
156
-2242
-669
2958
2893
-1390
-32
2600
-1043
-1400
-1401
-2945
969
1400
759
-2685
-646
-24
1642
-397
321
-1902
-768
-529
-2639
2457
2057
1444
-1135
-37
-2348
1044
1135
-1973
1392
2271
2476
-691
2947
564
-1069
-60
-582
2761
-934
-1
-648
2730
2511
2491
-169
391
1381
-423
-2518
1909
-2294
-2334
-54
-23
1547
-2438
-2728
539
2059
-716
649
733
-1466
-1393
1686
-1224
2017
38
2890
-2779
-1089
2574
879
2419
415
284
231
-2815
1258
1274
-1875
1593
-1553
-1763
29
2652
616
-294
1025
-1343
261
970
-224
87
2717
-554
1397
2565
-980
-1310
1693
2413
515
653
2414
-903
-1865
-2758
2277
2126
2273
-1348
-649
2376
-355
1233
-2616
-612
-2669
1090
-2087
-1849
1787
-307
615
-99
1436
838
-2229
1092
-1432
-1756
2314
-553
175
1991
2614
-383
-2370
-921
-2909
1676
1292
-637
2608
216
-1345
-1483
-923
-2135
-1317
-1154
603
1497
1014
225
-547
-2827
1411
736
1700
-1183
665
543
-1433
2680
-391
-2138
746
-1370
212
1711
-1109
-1258
-705
1261
1529
-1296
2252
1568
2082
1789
-185
810
210
-28
247
663
1809
-192
696
-2605
-1351
956
-955
-2684
-2675
-1462
1026
-527
-85
2504
1104
2360
1288
-680
-1143
-966
-1505
2733
-2144
-241
-429
-734
626
-2342
-1671
2799
2654
-163
-2406
1911
786
-66
604
680
661
-13
-2952
-1519
356
-2965
-2544
-1205
-1344
1013
1492
-1596
-3000
2571
2362
-2029
2838
-2287
-245
-894
-2534
-1266
-2413
-81
-1382
-2561
-542
362
-1093
-2048
1129
1326
-1574
-735
-1014
1426
-530
2560
2336
-837
-976
-1173
1524
-332
2219
-2155
1342
-1605
-1395
-51
-1672
-941
460
1876
2333
2249
-2403
-2866
-762
-2715
-1376
312
1016
-2265
2744
-2964
-2708
444
35
-2944
1672
595
2830
2223
2530
740
-83
2159
-2453
1188
2163
2568
842
-2346
374
1131
2089
2909
896
-1980
400
-1225
2237
1973
512
1930
2495
-1936
-2037
2711
1423
2899
1391
-2433
-2173
-2208
44
1192
2624
-2606
-1074
-688
-1741
-1718
1523
2291
-1444
-1019
-852
359
770
-326
1299
-1094
1457
1863
-275
2003
-124
1318
1896
-2281
1319
-2331
887
771
851
-2917
2584
-223
-1550
2833
2214
-364
1094
-1673
-746
-78
2856
-1230
2765
-1495
-2992
-1822
-1735
901
-273
383
2394
1231
1582
-2994
2750
2127
927
1828
2436
2664
1959
-854
776
1376
1323
-2634
960
591
-2139
2739
-1471
-2896
-2158
2076
1121
-1794
-2369
474
920
-1316
2797
2673
-2379
1870
-413
-2710
926
-1326
-965
1641
-2915
-2637
2605
2517
-2943
1782
2975
2246
-1807
-210
1779
-1634
-2548
1709
-775
432
2604
857
-1909
1613
1707
1920
-1571
-1636
1859
2337
2409
-1943
-2595
1374
-1323
-2290
-1876
-2376
1332
-2989
-2454
-2360
-292
1311
2618
-2576
194
-922
-2891
-5
-1971
-1744
-2101
-1630
-795
-565
-1243
-2178
2562
1931
965
-1776
-2648
-297
-2223
1559
1616
2995
-2031
1979
133
846
806
-1407
466
-738
1130
-2032
-238
349
1832
1918
-473
2302
1549
1494
-713
550
-1548
-2741
2619
-2493
2639
-144
1546
588
-2903
652
-1867
470
2182
1679
388
2578
-1363
2547
-196
-1333
2785
-203
2855
-1213
-609
567
-311
2467
-859
1352
1017
-1972
-41
-1211
-1039
620
-1449
-2664
587
1506
-2408
-1278
2640
-235
739
-606
2822
450
-1717
1154
-480
1825
1567
-1752
-94
-2598
238
-2
-701
-2429
2738
-2864
726
-1185
-1016
2207
352
2406
1133
818
-2282
-556
-1001
700
1002
-263
-2196
-1232
-2401
-2297
2821
381
1545
2900
1673
47
-39
1630
1369
-2984
962
-1710
1737
-488
-2309
815
-153
310
1594
-65
1325
1221
-763
-2398
2353
968
992
2870
-747
209
-1358
-580
-586
-403
-1611
-774
-2488
671
2714
-2674
-1141
136
-2270
-444
1725
-665
1182
-173
-430
1967
-2472
1748
-573
63
-1083
2595
-1058
687
1561
2377
2593
302
-749
-914
-537
-1318
236
290
-2049
1483
716
2756
-331
-2697
-2699
1476
2621
-1893
2689
-1728
166
2943
945
2599
2248
2124
1944
2151
866
-1656
1640
-1330
-1470
-1681
-458
611
-1273
-1274
2128
-2652
-756
1716
2658
-754
425
-1208
-2111
2561
422
-323
1348
1827
-1162
2601
-43
2966
405
1735
-824
489
-1177
1719
981
-1342
-1951
2912
-2537
-2841
-2594
500
990
-1467
-2735
-2393
271
-2651
2156
2073
-2858
2244
-516
1106
2095
-2821
-2363
-2230
2285
-378
2217
-1070
2610
1994
2630
-1494
861
5
2209
2103
678
452
2403
2708
1996
277
-112
420
-1450
2839
712
-2538
-615
1196
2842
2342
2552
-1007
-2988
1844
1244
-2692
1731
-289
-64
2230
-2250
1623
-2504
1434
1706
-1480
2847
2499
2742
2817
-1059
2546
-2010
-838
1237
1643
-233
1401
-351
141
298
1533
1489
205
-1890
411
-925
1257
-1806
684
-1245
966
2328
337
-517
-1677
-950
-244
-502
-159
1874
2755
-822
996
1027
-1678
-1439
-1041
-2251
-1377
297
-2838
-2191
802
-1527
-427
2104
-454
2107
-1606
1712
-325
-1236
-313
2404
2386
2264
-2081
-404
1110
-1924
2298
672
-481
2859
-2517
-1785
2720
2253
2084
-188
1970
-1904
-2614
621
346
-2643
2272
-1551
2319
-787
2635
-1367
-891
-145
1987
345
2795
1519
1851
332
-1158
1721
2283
651
-1359
-1010
1505
25
2284
1301
2142
-2365
-2246
742
-1256
-650
-642
2745
-82
-2691
-1691
-1487
753
1053
-974
2800
-2040
2112
-2316
228
-2886
-26
165
-2822
1868
1031
1453
1495
70
2449
-340
-2919
1917
2633
1148
-44
1036
1974
-1335
-881
-2392
1708
-1751
-2939
-2436
-1696
1161
491
2901
-975
-540
2683
-197
-1218
-1385
692
28
-755
2211
-526
-69
1280
-2876
-1917
-1693
2147
1482
2173
1855
2919
-2887
-474
275
-1658
-2836
2836
1095
737
-407
-825
1969
1884
2691
1933
471
2288
2175
120
-2797
-253
-1575
1180
-486
-1716
551
-240
-614
-1392
1485
-1800
-883
-1136
-2588
2071
2895
-2356
2643
2994
1264
-2968
1945
1532
-1722
-2773
1282
1020
-435
-467
-438
647
-601
-2035
-1104
1507
-265
2484
1108
537
2379
-678
-354
812
2808
2297
1103
2732
-2782
-47
-2271
2064
803
2687
-463
416
-319
2784
-2444
1209
2282
1204
-1578
1775
-1283
-1740
2959
2179
1516
-2509
-2286
993
-1146
986
111
942
-2872
-2696
1142
2886
-1287
-2174
-406
1496
61
1955
40
-186
714
-2072
-2877
-2492
144
-1983
-864
1588
-1542
328
2459
1558
-2059
-2462
2945
2803
-2906
-872
-1939
2004
1060
113
2978
2493
1042
734
-1427
-2907
1861
-2529
-1233
-2719
892
-1022
-1908
-422
130
-2865
2278
2123
2332
-937
-1860
2463
-1956
-1931
1669
-1237
2274
1365
-1914
-2732
-1087
1111
-2516
-394
2080
-514
821
2494
-2324
-1625
1491
686
-808
1579
-513
318
1335
-2180
-266
-2591
1055
1619
2981
2035
1328
-744
139
-1507
-1293
1839
-751
1785
580
-1215
-2810
-953
1771
-1056
-2070
-995
723
-1525
572
-1124
1670
2551
2359
1395
1875
-1271
2651
2987
-1129
-1085
430
571
1113
1421
-534
2726
-2226
1368
1183
-2441
-1795
2871
-1147
-48
402
-829
-128
2506
-2060
-742
-301
-1601
-2882
-672
1330
-677
917
162
-1023
-752
2022
-291
697
2465
-626
-2897
-2567
-2264
-2169
-632
-190
527
1767
2250
1645
-2132
610
-1709
-157
6
2729
2695
1821
-1368
-225
2454
-1555
2424
468
-518
483
-1635
2864
2663
90
-2358
-1990
-61
-2102
-641
1472
-2168
-1757
534
-798
-504
1826
2373
2200
499
2928
-1338
-412
1150
-440
1385
103
1465
-1597
2617
-389
-2156
-2426
-15
-1725
553
1804
-978
2105
850
-373
-386
-714
1294
-1217
1570
-16
-2071
1618
-1641
2015
357
-1731
1534
2451
-1684
-1155
-1311
-858
-748
2325
-2949
-1532
642
2607
-73
-1531
-276
9
961
-2851
49
-218
2816
-562
-1288
-972
1760
1206
2796
389
-158
2421
-977
2305
1359
1694
874
2671
-781
-2528
-2327
-46
2029
-222
187
1037
-199
584
1528
-557
2193
-770
586
-1667
1667
320
1605
-298
2778
-702
868
-1044
2577
101
-2033
1445
1091
2000
2696
-77
-2053
2477
98
1160
152
-2129
-285
-2563
1151
-737
-120
1925
1101
1412
-482
-2452
1703
-1680
1251
1739
646
2854
1236
2066
1141
2013
-1786
1644
2869
2521
561
75
-309
-1626
448
1419
-2446
1235
2812
-1814
-1201
-2028
-2322
797
1178
2281
1446
-2318
58
1124
2516
-21
-352
-1798
-645
2149
454
-457
-1328
-2491
-2725
-2636
-2427
1097
2185
-209
-2514
1723
81
1741
-2784
2381
2763
-1270
1656
-930
2468
548
-1516
-954
-528
1566
-1438
2197
2098
-1303
2594
-1046
1573
-861
-2888
-1478
1212
-1184
999
2448
-2790
581
-2852
251
1553
1067
2122
1193
2665
-2465
-1188
-2656
2820
1428
-1238
-2599
685
1802
435
-2253
2247
2929
-462
2510
2234
-1991
418
1058
2779
-1190
1953
1207
1657
-2787
-1979
1488
-2640
-1692
-1097
2848
2338
-2956
829
1501
1378
521
-599
826
-2011
-27
2569
1696
940
-2689
1122
-2657
2548
-10
2685
-132
-1804
96
-1269
-1783
822
1816
-312
-1993
1140
-2569
-2199
841
-2215
2636
1929
462
1431
-867
1243
-2592
-1886
-409
335
1158
2946
-2510
-2937
267
41
-1570
-1916
-2422
-1379
-1977
-1398
-1002
831
-2586
827
31
-1130
-1580
1680
1698
-256
-2573
2989
1615
1218
154
-1642
1796
1275
594
-1688
1592
2048
256
-2522
2813
-1337
2125
1829
525
279
-1563
-1982
-1994
-330
2793
-1189
253
459
1910
2550
789
1216
1156
-709
2389
2668
-2604
1626
326
-2036
1071
1324
-2391
1702
-2527
-1858
-912
1901
-2317
-2973
-932
1429
-2539
-1738
142
-2399
1794
-1837
1132
-2300
-2460
-2194
762
2902
1033
-2972
1988
2949
612
-2088
-2698
2154
-1412
1191
1660
694
1041
-1144
2453
-1430
-2608
2323
2737
-2547
-658
592
-477
-138
1176
-549
-2829
-2308
1687
1118
670
-134
2040
-2162
-2609
1286
-1778
2498
78
2183
291
2184
-2590
-2501
-629
747
749
1544
843
1424
-1062
-288
-498
244
-2418
46
-228
-1726
-700
1763
-268
-2953
-1907
-1191
-578
-2895
1098
-2165
-865
-1066
-278
-2221
2001
1480
-2556
2181
1305
-2375
-2093
-2768
2932
-860
-1616
2399
1351
2918
991
-2776
2620
870
-2572
-143
-2197
1119
715
-68
-1937
-2337
1211
-1267
2898
-280
-2658
1087
2746
-866
-2414
-1938
-1118
-2629
757
-1254
-2047
423
-2809
941
2258
1030
-2525
2536
-1767
272
52
-1386
-2783
2933
-2929
-796
-634
2936
820
169
1599
-63
-2285
667
1134
-616
895
-2260
-2505
2558
-2273
1608
-2839
-1067
-2124
1473
2967
-179
-1500
-2228
1371
10
-816
1028
-1003
-2080
199
-361
-1976
-928
-2743
-1161
1734
-465
1584
911
2753
-1764